0,0,0,0,0,0,0,0,0,0,0,0,0,0,0,0,0,0,0,0,
4.082440747682769E-4,0.9991381506905191,3.62782488031483E-10,3.4440983362220976E-10,4.5360452752030796E-4,3.1122630285611774E-4,2.1665364537969283E-7,0.9996885567165893,1.7368369113097162E-10,1.5322559949875054E-10,2.352339793078765E-13,6.131591932343667E-7,1.409032919330869E-11,0.9443433650589271,0.055656021767553965,1.7236286421629143E-5,1.8979989992237652E-5,2.7242891591425077E-5,1.8409365298884887E-5,0.9999181314666958,
3.974976102496311E-17,0.8138297784565071,0.18617021051992502,1.1023506729998901E-8,6.133456840635025E-14,3.854964440119184E-12,0.0,0.9968504519441687,0.003149280938306496,2.671136699424473E-7,4.4375163953370204E-21,0.4117647038123981,5.86765564279045E-16,0.5882352961875982,3.2871152405948837E-15,3.842859984323258E-10,1.7741330187914136E-8,6.555768790170337E-8,0.0317387573817646,0.9682611589349314,
0.0051987024069329296,0.9947163454807088,1.1249814299346207E-6,1.3533168242101946E-5,7.029396268630281E-5,5.640951650870087E-6,2.0073686008317736E-4,0.9997936221876194,6.466426857721266E-13,1.0565992260778946E-27,1.7135237583302887E-22,0.0036459253615547375,3.8800882889707036E-8,0.9342219435588347,0.06213209227872763,0.038768545642089335,3.596601507691909E-5,4.19224978957102E-9,2.1391564112700815E-15,0.9611954841505819,
4.271760192401046E-6,0.9999913121521684,3.375329254516498E-6,1.0192850851345405E-6,2.1473299386675896E-8,3.080979720867746E-7,2.7035350957903406E-6,0.9409986857868883,0.05899830258004396,2.318906196259913E-47,2.203265752727068E-4,2.574276968010341E-9,1.450412177533325E-10,0.9997796707054091,3.3845417835339924E-24,0.0030826472248799922,2.571777945700254E-19,8.97590981385687E-4,1.4544603671729338E-7,0.9960196163476976,
1.6552294276866785E-19,0.9999999995096183,5.84186320016013E-15,4.903760049469189E-10,2.3459146882517346E-31,0.006636732046096655,0.0013686958332482322,0.991992570882384,2.001238271213421E-6,2.0044518773719924E-17,3.2988446435935516E-12,0.005610632869748933,5.016119810942575E-20,0.9943893652136978,1.9132544561523208E-9,6.561893746039487E-9,0.0016317309303823034,0.001746934798933332,6.695969955479675E-11,0.9966213276418309,
0.17151424322239517,0.6291305136061043,0.19874254975465142,6.341809155345534E-11,6.126933534310178E-4,0.27768920359274507,2.1618146749085908E-5,0.7071942636180599,0.010704937338223183,0.004389977304222918,1.5747534797863102E-16,5.89605112941878E-6,6.594433757188472E-5,0.999925197724351,2.961886947486116E-6,5.148022575297094E-4,0.0034969239072583165,1.0984975278829842E-8,0.00778043153622004,0.9882078313140166,
1.333452591142761E-16,0.9999999999999993,2.6804897942499112E-16,1.374067419818549E-16,1.1860621515623864E-16,0.0,0.0,1.0000000000309042,0.0,-3.0904234670832406E-11,9.79466225823167E-10,3.5431396147960344E-15,-0.0,0.9999999990205303,-0.0,0.04353956115283753,1.377215000539034E-5,0.0,0.0,0.956446666697157,
1.5848820371917825E-12,0.9999944180872519,5.581909736922007E-6,2.11361040942134E-43,1.4263938334726041E-12,0.0,0.0,0.9999999999998649,1.3508404588881732E-13,-1.0555004471967805E-30,0.32745111734678994,1.1759394229176104E-4,1.5843210291660145E-10,0.6724312885524862,1.53736716412543E-29,0.004753926985113199,1.6402244603273784E-4,3.610958978059052E-16,7.198480587032829E-11,0.9950820504968688,
-0.0,0.5444172616924688,0.42920603656818695,-0.0,0.026376701739344238,0.4138234633003988,-0.0,-0.0,0.32944456932146876,0.25673196737813236,0.10709198335161517,-0.0,0.06833938935578096,0.8245686272926038,-0.0,0.0807898540151469,-0.0,-0.0,0.05166705331166699,0.8675430926731862,
1.6756385782714823E-9,0.9999999983243323,1.942310095577279E-14,-0.0,9.751246744908976E-15,7.375812118744422E-10,-0.0,0.9999998866504146,1.112198776677561E-7,1.3921264463200126E-9,4.78818810863057E-9,6.072859794876746E-7,1.496300847461357E-11,0.9504806327003317,0.0495187552105377,2.4209687264223326E-5,-0.0,-0.0,1.5482676850794872E-5,0.999960307635885,
8.830578647992455E-12,0.9827233193234753,3.9185515387253266E-13,0.01725271842280933,2.3962244492890985E-5,1.2140380919411764E-17,1.037393339317603E-6,0.9999989626066588,1.8306481495990017E-15,2.2914012822209763E-17,8.160376673115683E-24,1.034980712639288E-21,5.467889130149865E-4,0.9994532079067863,3.18019891074632E-9,1.3058756145867765E-11,0.007311601504199457,-0.0,8.35138840387199E-12,0.9926883984743904,
5.348635724105523E-25,0.999999999999999,2.3734463597739126E-26,1.0449882139394116E-15,1.4513807309056083E-18,0.0011868152205415654,0.18594871794797393,0.8128644668314845,7.951818882513677E-24,9.953200448361434E-26,1.6804243613022883E-17,4.258620789734992E-39,9.885219365736316E-6,0.9999901147806343,1.308552036903219E-26,9.105440343793783E-19,5.098138794417089E-10,-0.0,4.380123573214377E-7,0.9999995614778288,
7.377463000853437E-41,0.9651185196485307,0.034881480351468326,1.0135655996312559E-15,2.0019137953535625E-34,3.727419156024581E-9,0.00163549608730687,0.9410351378104854,6.782570194004818E-34,0.05732936237478858,7.300628761945805E-30,1.7002539896346137E-6,4.294648332978788E-18,0.9999982983433278,1.4026826211256235E-9,0.1233970378867278,4.729463219900824E-5,0.11630128206646619,1.3493359248733697E-14,0.7602543854145934,
2.1895547338559212E-53,0.9999999999999897,1.0352462685156757E-14,3.008157894508456E-28,5.941473141757266E-47,1.6483045429859356E-18,7.232338296020327E-13,0.983908495943538,0.016091504030387036,2.5351656063718467E-11,9.482491788162836E-43,1.7552525848996908E-7,3.925679535322958E-12,0.9999648124974853,3.501197333054271E-5,6.835580306191542E-5,5.531104857165624E-6,2.917431160481249E-11,6.145672063517358E-6,0.9999199673908431,
5.7034128410487946E-70,0.9999999732546171,2.6966381658348084E-31,2.674538257245877E-8,3.4207586222814377E-16,2.951551117055153E-7,1.5124237887762088E-21,0.9954398112855244,3.365049102603152E-11,0.0045598935257134205,6.630839776683922E-13,5.261730199946243E-22,2.4048952989653535E-11,0.9944532825897902,0.005546717385497963,1.9872058560035746E-10,1.6079752515486498E-11,8.481410541463966E-17,1.786639168387387E-11,0.9999999997673332,
2.963769037335799E-5,0.9999703623096267,4.768883298481475E-44,4.729800604220528E-21,6.049457753960218E-29,5.796813619027735E-18,2.9703835267697405E-32,0.9999999119523982,3.303271120225495E-11,8.801456906941695E-8,0.03206713713986037,1.2138354438647731E-32,5.190999958429289E-5,0.9666892479409723,0.0011917049195829975,2.1980183957184297E-18,1.7785571495203703E-19,2.0449147828226643E-5,4.728485802290431E-7,0.9999790780035915,
4.8849699796241044E-20,0.9999999994495695,7.06356214107932E-14,7.795794365270372E-36,5.503598151539603E-10,8.724680674456167E-25,4.4706712092077884E-39,0.9999999999999868,4.971694382327642E-18,1.3246915638445604E-14,7.780437091155681E-13,3.833551994608043E-49,3.0380583360781313E-4,0.9996961941656142,3.7636590647789366E-20,8.0024933709238E-25,6.475328790045828E-26,0.0015106892765044384,1.7215359234956935E-13,0.9984893107233234,
1.1284530546625633E-13,0.9993145941432054,6.854058566817307E-4,1.1971699601577227E-49,8.451662615877985E-24,4.7781938384905043E-35,0.01002693098337145,0.9899711249704606,2.722818215461683E-28,1.944046168066887E-6,7.191436870974813E-26,3.5433416963375674E-62,2.5818284200151875E-8,0.9999999504756082,2.3706107551914927E-8,1.1987921100106118E-7,3.0642051391416022E-6,8.747198717505654E-11,4.0505213218039684E-8,0.9999967753229647,
1.1155106528762957E-5,0.9836533259364332,1.8547105136317222E-18,0.016335518957038057,2.2870226973587085E-38,1.8031737722869097E-45,3.783919107697439E-13,0.9999999999996215,1.0275251609249485E-38,7.336355913682438E-17,3.118035755854744E-4,4.352024383644349E-77,3.1710687823039716E-23,0.9996881964244145,2.9116457555833893E-23,3.2666576712863465E-14,8.349829082611626E-13,0.215766964602135,1.1037498860801412E-14,0.7842330353969863,
6.554790090824163E-12,0.9996670839616708,1.680253193476948E-33,1.9402198501280267E-11,3.3291601237219853E-4,0.001122014377058563,3.524499267119126E-20,0.9988779856229414,9.570795710879182E-46,6.833386313280121E-24,0.0015827695115234112,7.83967424764147E-8,2.0134080001848225E-38,0.9984063436246735,1.0808467060623645E-5,1.8292968923581006E-21,4.675824016334108E-20,1.2082742593128836E-8,7.722721401960985E-4,0.9992277157770614,
1.1392166477468056E-9,0.9999999988607833,3.685743554667474E-49,4.2559971526966035E-27,7.302727062861916E-20,1.6868924404602792E-13,1.990927972410511E-9,0.225835589988619,1.4389212174087039E-55,0.7741644080202842,3.5921336248728393E-13,2.6280211876842588E-21,6.74936064534896E-52,0.9999999999996407,3.6232220299525627E-19,4.353763150661328E-28,1.1128554575441513E-26,2.8757168768311906E-15,1.8380231226074454E-10,0.9999999998161948,
1.0505909282284429E-21,0.999984314153476,3.399009968796305E-61,1.5685846523914588E-5,6.734609100688134E-32,1.664185135054328E-22,1.9641280363704644E-18,0.9923677968694267,1.4195518594371395E-64,0.007632203130573306,1.2699279834433672E-27,7.821016749955422E-7,2.3861033160155477E-66,0.999999083248221,1.3465010403409605E-7,2.748829625614746E-34,7.026220639172236E-33,0.41176450284063,1.1604702040855898E-16,0.5882354971593698,
5.704308852566781E-20,0.9571889526812224,4.4787731876764865E-21,2.2791094070660654E-16,0.042811047318777336,3.1705076926172955E-6,0.0,0.9999968294923074,0.0,0.0,3.7044770337835674E-27,7.217900142953603E-24,3.235152780773517E-13,0.9999999999996765,8.643726864398297E-27,4.346299541732334E-8,-0.0,-0.0,-0.0,0.9999999565370046,
2.5359817428937676E-6,0.9279948367418993,0.07199464027964678,2.8116649619609974E-6,5.175331749071797E-6,0.0013508280067725626,0.045939642396269166,0.9109218513471632,0.041787678249795075,0.0,7.494011238858585E-4,1.6551405672005883E-40,3.122504682856969E-4,0.9989383484078285,1.982097660222387E-43,0.07969075228214981,0.045254756032814085,-0.0,-0.0,0.875054491685036,
3.760777821863047E-34,0.6536295721258935,0.25682059054121265,0.08954983733289393,7.674847390850564E-34,1.4490863477140192E-18,6.546857937767481E-24,0.9985151269007055,1.17306381935966E-20,0.0014848730992944063,3.089697891074371E-8,3.605209173360968E-69,4.820238041101737E-6,0.9999951486341832,2.3079677807548528E-10,1.463645540315552E-5,1.6262728225727964E-5,1.5022993187139048E-4,1.4533548800060627E-11,0.9998188708699661,
4.0216311921844256E-10,0.9936822845034023,0.006317715094434566,2.3266761539136012E-28,1.994072232966386E-60,1.9085619782242847E-38,1.844802663124126E-12,0.9997586929585833,1.5450183539388736E-40,2.4130703957193282E-4,3.4496315612246765E-4,2.503252445387566E-21,9.903917836357354E-35,0.9996550247973859,1.2046491637602804E-8,0.18994845514065806,1.2008163407370584E-10,3.3285460217150677E-21,2.989147662957347E-13,0.8100515447389615,
3.869128672844721E-18,0.9999999999458623,3.7175053353894423E-28,5.413598674954197E-11,1.5749160539761087E-15,3.3333553483558345E-58,2.9846956429571058E-6,0.6770643690103041,3.9501537075791486E-20,0.32293264629405294,2.4816494699852E-34,0.013730935567109854,4.312921554118069E-30,0.986269064432718,1.7214853112502529E-13,1.3788571794469863E-16,1.2726791929243237E-6,5.977396991856859E-15,0.0028900731034180826,0.9971086542173829,
0.08033805622967202,0.919643962829258,1.0748914518703062E-13,1.7980940962537808E-5,1.010962412841113E-45,4.965174962832828E-6,2.163805595441457E-28,0.9999830177834876,2.863730751067545E-42,1.2017041549504568E-5,4.5743600626451215E-9,3.9769506028728166E-14,0.1683829538486447,0.8316170415769554,6.77295998828134E-41,0.0018830424988512178,0.03590823996500427,3.885516062918538E-9,1.6615157100340772E-19,0.9622087136506284,
7.675338162331029E-13,0.8758589099327719,0.12414108985542156,2.1103917974621858E-10,5.268052208239889E-78,4.040756947450183E-9,0.34922432870577574,0.6507731632460821,2.8934776360360185E-17,2.5040073851025508E-6,4.066401868248528E-7,0.011603116451249415,8.783488689670273E-7,0.5665069509380909,0.421888647621604,3.7478284684059576E-18,3.3503824837858406E-10,2.5001880939633374E-15,3.306922643842816E-34,0.9999999996649592,
4.184260942242246E-6,0.9911332791339693,2.783577657466891E-32,4.732066927041386E-41,0.008862536605088414,3.6638999702096744E-30,7.172485081554343E-17,0.999997441259802,2.5587401979635717E-6,2.2704737510805577E-27,2.3248909435132548E-14,5.1971658662470995E-6,4.15907660724786E-5,0.9999532120680381,4.991384255869821E-27,2.4279422103463144E-32,2.170466210436889E-24,4.9837466473570705E-5,7.999135838772766E-9,0.9999501545343906,
0.008203834054943274,0.9719862958798791,2.274606097288276E-13,8.243891160083264E-71,0.01980987006495021,1.4567894455735372E-51,0.08937929136854357,0.9100525833166009,5.681253148556444E-4,9.027545031030505E-49,3.1911105943427272E-21,0.012057914974317158,3.5269981949051686E-33,0.9879420850256604,2.252992582698063E-14,9.031649112944766E-10,1.0393632948983987E-37,0.0010609447115539966,3.8305172141118984E-22,0.9989390543852812,
2.533547564920316E-10,0.9571057253888742,3.4573476438158513E-5,2.5138048040872088E-92,0.04285970088133277,6.93184430463144E-70,2.6360666227999855E-9,0.9999999943790744,2.7033118890757724E-22,2.9848590422334834E-9,0.4107290359895788,1.2480416530271628E-18,3.650581934579077E-49,0.5892709640104202,1.1214578436408113E-15,0.23021675728268778,0.32592232353089223,0.12978764414028274,0.10156607795968448,0.21250719708645283,
1.0465059383467488E-11,0.9892322666023947,0.010715295659109413,2.173551921525719E-117,5.243772803086427E-5,0.07833793358088857,6.848919923874783E-7,0.9216613815271191,5.318597964978485E-19,6.66788219986374E-29,8.961786829716742E-17,2.4234137561095154E-44,2.8374544413975742E-27,0.999999999930311,6.96889738419833E-11,3.9413535540943235E-17,0.0029553465534219365,3.2239899588188495E-17,4.191035382579167E-17,0.9970446534465779,
1.9940271617973708E-40,0.8073891179392337,0.19261088203228016,2.1583375726939788E-16,2.8485793586583607E-11,2.5528859308374796E-8,0.0020256011492466365,0.7619145858290437,0.23597407727423253,8.571021861761963E-5,0.07296948337913199,0.09525103309902093,0.1445806070159139,0.6867957653905945,4.0311111533864054E-4,0.3546371252193576,2.970807825537218E-14,0.057857790620565126,0.06272536807858631,0.5247797160814613,
